188
954
868
550
701
289
919
577
847
93
26
222
433
85
473
489
426
988
333
610
514
157
218
529
724
686
977
333
1000
404
498
231
231
371
148
129
51
673
733
598
680
538
983
976
303
933
4
744
885
973
307
860
639
605
111
227
731
591
896
465
798
697
213
786
575
311
859
574
362
365
428
465
295
807
377
478
214
708
242
60
2
556
670
257
957
607
59
785
963
4
222
522
61
228
849
169
447
175
197
533
373
599
585
178
303
463
969
933
661
33
110
216
330
731
908
581
382
826
99
710
729
279
510
224
279
227
55
625
923
417
426
639
442
26
344
288
269
585
98
792
542
408
545
555
771
410
765
239
866
274
219
765
221
787
179
292
667
914
180
427
482
12
414
792
675
492
413
812
794
840
689
27
386
498
911
255
272
419
915
168
362
421
25
945
643
514
123
131
185
503
361
349
899
267
330
629
616
246
726
36
140
970
630
279
566
14
702
275
298
479
657
690
483
468
260
838
749
351
130
719
989
769
206
117
746
746
421
368
362
191
790
537
843
42
5
542
298
896
359
1
987
683
41
535
302
975
202
954
800
10
144
143
787
539
837
481
244
170
271
976
98
85
985
827
35
38
832
352
566
178
983
851
294
775
119
263
195
694
63
847
980
724
11
307
128
729
239
929
631
418
786
708
30
221
796
649
553
842
583
511
375
335
810
946
760
439
444
989
826
116
788
748
833
46
948
161
694
314
787
513
169
146
758
591
549
95
575
486
523
985
237
507
211
377
171
898
7
556
186
146
220
465
621
998
157
46
752
394
181
128
795
569
110
665
350
455
689
154
643
863
80
945
51
200
466
378
259
721
691
867
282
683
330
957
575
696
863
125
623
395
382
120
76
108
807
785
952
933
596
172
2
776
993
840
633
558
211
469
380
408
230
707
356
60
311
33
478
415
434
816
517
693
426
878
288
475
531
815
910
597
823
621
394
228
995
425
649
476
323
510
514
864
816
756
190
201
381
662
962
512
526
681
261
282
827
750
533
251
94
973
944
914
179
114
232
413
78
989
840
423
926
662
860
314
137
57
42
397
815
49
502
333
986
543
639
75
208
989
326
553
889
814
289
412
279
636
281
373
860
441
923
714
416
990
0
277
85
681
595
555
420
167
513
373
91
285
827
191
489
909
959
495
8
555
614
220
935
285
934
673
539
628
890
669
751
810
139
416
164
551
639
615
177
263
195
431
166
559
288
943
495
412
649
736
147
800
447
196
258
852
200
269
585
342
554
29
913
513
423
158
169
728
211
932
497
900
84
714
377
457
602
888
486
947
672
20
265
447
234
595
831
821
853
723
406
415
584
589
64
252
485
989
577
345
237
781
132
513
770
285
613
550
636
380
289
508
666
867
401
740
709
826
977
376
193
988
974
874
854
602
18
442
870
211
891
609
980
935
802
501
994
117
983
575
220
976
430
736
840
391
850
891
480
898
15
787
978
393
100
873
72
243
485
17
567
153
356
170
863
194
248
677
817
268
157
194
158
113
299
585
118
109
12
504
433
133
908
876
594
61
508
471
293
262
36
506
808
230
585
279
729
80
105
139
499
639
842
814
740
824
77
692
930
302
725
528
817
915
624
467
906
868
288
505
422
657
424
180
854
434
846
201
822
472
255
175
650
432
69
703
375
331
286
740
928
345
571
256
366
481
517
668
91
833
309
446
592
748
185
4
686
660
699
605
560
293
431
757
746
58
717
781
349
98
308
519
69
8
513
57
750
111
515
896
869
794
707
197
112
144
493
779
404
376
74
157
948
851
65
661
159
464
366
38
168
157
127
811
758
739
885
77
594
593
191
606
643
889
626
664
641
597
3
120
451
547
921
529
895
52
428
424
698
70
880
225
960
413
535
63
974
337
717
967
920
951
747
970
891
265
115
845
201
217
797
179
751
469
906
58
63
633
367
462
76
230
938
399
449
910
419
769
673
79
978
671
832
593
564
560
958
356
533
689
688
475
906
660
721
89
554
806
710
717
644
356
394
764
489
772
26
15
148
335
945
869
880
423
700
492
619
243
134
84
606
425
278
536
918
454
680
896
317
79
598
483
98
619
457
727
650
97
891
358
236
252
637
914
811
540
85
766
675
595
222
75
101
204
172
118
533
187
878
699
789
282
49
723
791
537
579
173
680
186
901
905
603
68
852
636
912
986
159
635
999
407
194
987
498
252
85
565
283
580
116
455
225
419
704
666
931
493
458
567
69
562
586
957
210
116
21
810
487
618
172
166
862
445
867
771
757
